0.7517460958351918
1.015615136908422
0.8547799737622375
0.669442303332986
1.0296145550529787
0.8207004074996883
0.5694820943576819
1.026734873485211
0.7598167784485459
0.459813656953731
1.0133201460316328
0.6753959491747674
0.37216383029368433
1.025790509895273
0.6052612871499077
0.27325386749611935
1.0184197221172033
0.5022460177040728
0.18032383630945004
1.007258805256172
0.3833894410805212
0.10510225995444578
1.0058844700022058
0.26541313469371636
0.042872180245588136
1.0012469869484006
0.1346682674998735
5.576908193749335e-05
1.0001891011577986
0.00023282790943256697
0.7828184873676508
1.0018776664485316
0.7747576443919862
0.7030706540104699
1.0111027934110601
0.7382438885765452
0.631497300348628
1.0345215223160693
0.7045818990589986
0.5174805557375537
1.0016713337496783
0.6089634897663603
0.43189115172442244
1.0044329911610956
0.5345112637464853
0.3463336397412032
1.0009041798968152
0.443161624616239
0.27807931829983806
1.0153476844432576
0.3604406884045092
0.20910854648904909
1.0121985294951596
0.2504990540086839
0.15396486254400232
1.0138163111724543
0.1374618652346529
0.1111668801930486
1.0002052869956215
0.00023192776996016894
0.8354910241425416
1.003141298904577
0.7108489298011326
0.7746061229357827
1.030899042262436
0.6918766514284947
0.6779861767837021
1.0096010399184292
0.6251445336124303
0.6104137407382003
1.0317669737923896
0.5839876179154293
0.5161196801901881
1.009348419122941
0.4943175757376987
0.43717517999625327
1.0037163935429472
0.40891990969914777
0.3767912684213417
1.0241688915251763
0.33880870491735093
0.30861208891752867
1.0054491253621998
0.2231129610013707
0.26191521565123016
1.0127615010578213
0.1250832053319501
0.2222779913041597
1.0002212732137827
0.00022923845294771578
0.9094497242245513
1.0250547521716784
0.6641384533184972
0.8416088778642818
1.0363949754997097
0.6358789206749402
0.7620279373853807
1.030049186915406
0.5866059898604428
0.6740762414178008
1.0086448595303794
0.5157011857597106
0.6082516196852903
1.0217188812506321
0.4623403223671711
0.5283692060551133
1.0011561432996936
0.37205107898867373
0.47365330379761256
1.0192057042528944
0.30610943180830935
0.41170815928420734
1.0030486635366604
0.20221052292614136
0.3701369847643717
1.0157186094107629
0.11724084560786775
0.3333891024152708
1.000236862654527
0.00022479312569599426
0.9797016772483017
1.034691441413389
0.6095878582927372
0.893557065085007
1.0054611138763012
0.5582871578405262
0.8440889547904785
1.0469715305871823
0.5450525701375704
0.7538530689404485
1.0021386220921324
0.46534638158304475
0.6929439415535674
1.0138943714099322
0.4159428994807621
0.6251874756684949
1.0042981283074854
0.34215204509340097
0.5736794615909829
1.021509645287588
0.2813072064918415
0.5222337302111325
1.0183261780287178
0.19754562470458398
0.479630644430913
1.0166591508960672
0.10815444720849005
0.4445002135263819
1.000251863053548
0.0002186466123500836
1.0224531335769906
0.9852347659193224
0.5224137310945142
0.9873669189920284
1.0390690401673075
0.5252373867116721
0.9177278362163738
1.0286086960711303
0.4834316183410941
0.8422786318115916
1.0042642647078357
0.4238893853262003
0.7875718577816732
1.0194897190457581
0.38197874867185766
0.7220261502688047
1.0024171825348613
0.31011738185985077
0.673590737149036
1.0146171894565355
0.2514909267542367
0.6244265845836761
1.0074347567304938
0.17191969209129374
0.5848815079031309
1.0032129221569264
0.0882670304921473
0.5556113246374931
1.0002660894111803
0.00021087471775411016
1.007227646950577
0.7899184301701868
0.36912593346250727
1.001543141306125
0.8986721417136969
0.39692350458668446
0.9927191979141828
1.0069460986890935
0.4235955945521063
0.9456528050799322
1.033894675962144
0.4005768149611098
0.8754713742595198
1.0028283576743942
0.33540554204918716
0.8296288922631705
1.0236870531122642
0.294901103054704
0.7733393160766886
1.0043808800218135
0.22150276299450258
0.7344832383866569
1.0185228876419032
0.16391986522690474
0.69573201292936
1.008834241258978
0.08428721939023709
0.6667224357486041
1.0002793662739984
0.0002015732925513994
1.0137617112901478
0.5984769367599795
0.24023121093291502
1.0054476574779094
0.6954290972203654
0.2564180756628381
1.0022471905063353
0.8120011738091174
0.2800222201184428
1.0088208619201076
0.9596608438508014
0.31984591383094113
0.9811524649192643
1.0247640270475828
0.3142257597696813
0.9253993130179597
1.0093577958828754
0.25768064632880366
0.8835092954215412
1.023460333731762
0.2114213097711961
0.840054867557332
1.0125828418205158
0.14469117950853858
0.8070448532660789
1.016072294676026
0.08103953654247896
0.7778335468597152
1.00029152989868
0.0001908570510601284
1.0009160788082778
0.3098187024229276
0.10237646814807227
1.0013705015920584
0.42555922398792545
0.11555892635059466
1.0072145698337376
0.5597955783339011
0.13669413223553195
1.0007461379020106
0.6640360568114521
0.14528144381632885
1.0084516066337057
0.8148242742995371
0.17524804741677144
1.0072510393352472
0.9439811481312512
0.19664693074543924
0.9831476583848783
1.0027451835587515
0.17902102485829793
0.94958964485659
1.0188512399258767
0.13384064675684595
0.9173704186835299
1.018556957675683
0.07455057569611306
0.8889446579708263
1.0003024302714498
0.00017885815650359955
1.0001032182934106
0.0003119329581960907
7.886939203709951e-05
1.0001025817986855
0.1114230440693072
9.031450772077265e-05
1.0001006801643892
0.2225341551804183
0.00010161847098817625
1.0000975368433451
0.3336452662915294
0.00011264187025338008
1.0000931906020776
0.4447563774026405
0.0001232487541215016
1.000087695042706
0.5558674885137517
0.00013330830807493734
1.0000811179418705
0.6669785996248627
0.00014269646780657445
1.000073540414843
0.7780897107359738
0.0001512974493027717
1.0000650559151356
0.8892008218470849
0.00015900517680562208
1.0000557690819374
1.000311932958196
0.00016572459104346386
0.8364453522431394
1.0028298899266983
0.9497957562810927
0.748566602717558
1.017013929549691
0.9191628519537857
0.6566214728815554
1.03155343725692
0.8778033655988834
0.5231909200140608
1.0036136310999622
0.7808518578717515
0.43297105021534427
1.022792973520918
0.7185726046584264
0.3219935092414718
1.0150028583653983
0.6147920933058659
0.21555573079822565
1.0030303421168931
0.4937446168559273
0.1293645517633177
1.0034098199190131
0.37630971927731816
0.06122109108668487
1.011765138712204
0.2597097032793684
7.673711536848596e-05
1.000187935067124
0.11134393902054367
0.8994115486581672
1.032671767149226
0.903541325048566
0.7835265602574508
1.0075546304918588
0.8436911209419753
0.7025959610316357
1.0268153381874416
0.8090238823977572
0.6008680982427469
1.0234808131618176
0.7429165612370616
0.5049713629717839
1.026196881905264
0.6704255366438236
0.4045557483741938
1.018559091131
0.5758307769302867
0.31400141598092796
1.015050215873165
0.4743361261401535
0.2276381088534947
1.0019897945485168
0.35260446628606756
0.16655910768397766
1.01287245520169
0.24849029933273842
0.11118784822647959
1.0002041209049466
0.11134303888107128
0.9206172594584815
1.003275888104341
0.8144883678916521
0.8527640838982203
1.0284270388805452
0.7966407223346937
0.7414378877904383
1.00030415384071
0.727394110094717
0.6747701848019388
1.0324043677638486
0.6962340407328492
0.5643391685487902
1.0028341903237359
0.6014229721315341
0.479733650421851
1.003823117758615
0.5224041311433593
0.40568180314803765
1.0127559189409374
0.4411940172685013
0.329516394555451
1.0034496692423254
0.33374510851134764
0.2692646316338355
1.0021821480641901
0.2261979363212294
0.2222989593375907
1.0002201071231078
0.11134034956405882
0.9811175077588866
1.0112520858035572
0.7567214548409483
0.9130991437660415
1.0291438968397766
0.7366365013153767
0.8115957466656241
1.0032271685175007
0.6750282920370213
0.7273018974262301
1.0012836652382553
0.6204694212422799
0.6465667900574225
1.0023911313961955
0.5582692297241809
0.5691417084831956
1.0033345178329691
0.4863562703863023
0.50395920639489
1.0168493899318571
0.4165068357194209
0.4311166270524983
1.001246093837974
0.31277067423018035
0.3816844121352691
1.014063897825193
0.22756473663988683
0.3334100704487018
1.0002356965638521
0.1113359042368071
1.0190764843583122
0.9736129778751196
0.6743607477473273
0.9840263494030002
1.0374463301065584
0.6835362659596887
0.8911232108185424
1.0121561905043608
0.6293866487108762
0.8095870958512071
1.0043758394812214
0.5765214348479029
0.7366848370064387
1.008267535863743
0.5226037945895118
0.660425464696272
1.0001608145277905
0.45062846245546373
0.5986998371722044
1.0097968922589877
0.384110056300071
0.5417635844348746
1.0165081371978921
0.30796876836615267
0.4901474649803611
1.0158506247207706
0.21907253127899692
0.4445211815598129
1.000250696962873
0.1113297577234612
1.008133379944823
0.8376237330785967
0.5439163134798781
1.0016662638769356
0.9445202421176409
0.5742826689427801
0.9640166616290424
1.002118864415994
0.5736435019927147
0.8947480274035132
1.005332891568145
0.5333429446483575
0.8376950087872782
1.029349376067748
0.4987704673583922
0.7677322446955869
1.0237156590327046
0.4363126274890521
0.6954255489034236
1.001501899152939
0.3534110501919755
0.6421523542681944
1.0058406082624547
0.2823579563126563
0.5938104054111284
1.002551760612907
0.19921072316592436
0.5556322926709241
1.0002649233205054
0.11132198582886521
1.0171811806915432
0.7022181014075639
0.4312979471234405
1.0137722538088054
0.8125542733488187
0.4578729030626047
1.004685707292488
0.9194099593527215
0.48131060661893116
0.9941955533214135
1.0274779349415823
0.5046135293748117
0.9179282158510846
1.004253297990179
0.4459288750451237
0.8638659182418323
1.0208728772747853
0.40378056634472953
0.7979437409210155
1.001909758704367
0.33108978618207974
0.7522184737550007
1.0169279193619476
0.27426588829948084
0.7046622580633912
1.0081718040063885
0.19520660350819483
0.6667434037820351
1.0002782001833237
0.1113126844036625
1.0126948001783924
0.5082780524634332
0.31053875408031323
1.0135780919920447
0.6262746539324866
0.3327095461864578
1.0093598973551572
0.7372450865779638
0.3516628523622868
1.001496223763753
0.8460977928001386
0.36855959823788814
1.0099155987578847
0.9954552438763269
0.4069981794379108
0.9568179260035575
1.0058632098034557
0.3658963912319483
0.9051967697687282
1.0111982964937285
0.3152831674125635
0.8536539221910732
1.00243324831029
0.24963198895688862
0.8177819824549766
1.0221984469744074
0.19602760069139788
0.7778545148931462
1.0002903638080052
0.11130196816217124
1.0004245721864897
0.2601405940842028
0.19548305049350662
1.0014135399955109
0.3756914583245201
0.2068469275287053
1.0089855667932375
0.5092452920431811
0.2257950106729323
1.006495063308182
0.6224542551529029
0.23688768680487987
1.0092486138516803
0.7516751413156123
0.25537701842871935
1.0031776894997968
0.8623419053261737
0.2649004095628989
1.0063336465293924
1.0011830163550939
0.28902038718463685
0.9660811234115552
1.0174044173647092
0.2441527780916179
0.9263054561545473
1.017896759135852
0.18543457925347281
0.8889656260042573
1.000301264180775
0.11128996926761471
1.0001241863268415
0.00031076686752123944
0.11118998050314821
1.0001235498321166
0.11142187797863234
0.11120142561883188
1.0001216481978203
0.22253298908974345
0.11121272958209928
1.000118504876776
0.33364410020085455
0.11122375298136448
1.0001141586355085
0.44475521131196566
0.11123435986523261
1.000108663076137
0.5558663224230769
0.11124441941918604
1.0001020859753014
0.6669774335341879
0.11125380757891767
1.0000945084482742
0.778088544645299
0.11126240856041388
1.0000860239485665
0.8891996557564101
0.11127011628791672
1.0000767371153685
1.0003107668675213
0.11127683570215458
0.8664551937896092
0.9311346462884368
1.0013205103008533
0.8241252150621639
0.9953175972017948
1.0152629925720165
0.7388091803061722
1.0231852309499851
0.9892323696696308
0.6214017842770428
1.0233997809797648
0.9230741203644518
0.48196508761009355
1.0023971531682114
0.8188400936562962
0.3841040793584224
1.0217292367596305
0.7444951261071614
0.2698002700813779
1.0182155594736306
0.6315936804195728
0.1553588114939539
1.0012112632629437
0.4906765661008852
0.07446434461204793
1.0091642978744082
0.37073823191380084
9.744655040126167e-05
1.0001844511764757
0.22245505013165479
0.9751432933005366
1.0069055779840703
0.9922966983207434
0.8925181689103279
1.0272430495361367
0.973730379221902
0.7659744857856039
1.0053342881599507
0.9064467345962411
0.679412969474423
1.028763453835507
0.8666898857127275
0.5564374225456196
1.012512613055566
0.7765599716022424
0.44701825058627526
1.0078810698900365
0.6841567933958992
0.3439530692865552
1.0033913979507705
0.5798455982227931
0.2525017627403907
1.0017257229951568
0.46814167992316563
0.17651062244763
1.0049343464496856
0.3532941403351459
0.11120855766151237
1.0002006370142984
0.22245414999218238
1.0285547017498544
1.022282731365193
0.9349110360472888
0.9467444304807422
1.0376571633153964
0.9144232053880923
0.8413497010247781
1.0292985932291183
0.8654099240263066
0.7330853900096396
1.0193950789984296
0.8015821351110914
0.6395278094448288
1.0268416455691873
0.7404814496612603
0.5362233085848319
1.018326267530681
0.6534341976950117
0.43572989333779144
1.0048101637321967
0.5500531299422122
0.35208892982061996
1.0025011673578943
0.44771086679087235
0.28727438073867506
1.0140798224122907
0.35160124272184007
0.22231966877262346
1.0002166232324599
0.22245146067516994
1.0247924851920303
0.955656986138434
0.8279687721691613
0.976978848314272
1.0080375989628665
0.8308968516981479
0.9036641513114045
1.0311113822149733
0.8078468282492128
0.8088488868689806
1.0280314345598862
0.7557537002555283
0.7163695118652263
1.0268882277029123
0.6939396434253451
0.6220084196592962
1.0188746352854878
0.6155038733383127
0.5277934961432297
1.0017879038848316
0.5184760361004396
0.4599884342777285
1.0146674516787348
0.43934687093400654
0.39251650888071427
1.01198861586321
0.3384870123390876
0.3334307798837346
1.0002322126732042
0.2224470153479182
1.021729304948225
0.8675595050500188
0.7175648933986772
1.016484985091736
0.9742699827446708
0.7524737394532623
0.9529849961835721
1.0044573517917779
0.7350420355534403
0.8840154471905965
1.0276979223282783
0.7061870076295148
0.7832054514035687
1.0037743511128425
0.6333291913861978
0.7139263412359727
1.0230104298388523
0.5830408721466354
0.6257559819670658
1.003765496212466
0.4935559310618299
0.5619742493801881
1.014476046231958
0.4199872955064704
0.500496663233435
1.0138805529415622
0.32997589481152867
0.4445418909948457
1.0002472130722249
0.2224408688345723
1.0011212725032488
0.7258939462559904
0.5919107910006691
1.0194856421011527
0.8698535542121774
0.6401597378855816
1.0160901830699869
0.9850541610272422
0.6730238130638113
0.9488635534724702
1.0037235312056532
0.6439071522310155
0.8722259619951117
1.0061847167756954
0.5959618339910338
0.7946899939226336
1.002419672667341
0.5347822987152323
0.7343093380131277
1.0219218700483652
0.4820724075719067
0.663671281849062
1.0107733255869835
0.3992594315285817
0.6027181213368856
1.0012025769764834
0.3103751931400337
0.555717505759143
1.0004344963338039
0.22257268309878583
1.0034927787191448
0.5902939294313866
0.48680716382333816
1.0039603321338
0.7065276795561313
0.5127267161649419
1.0180887618783634
0.850328255219994
0.5534872389639024
1.0021080624596572
0.9470961747232733
0.5687154003225116
0.973705518253124
1.0251795795099015
0.5706302967550471
0.890572638131033
1.0018559547918366
0.5041879607338168
0.8387498972831853
1.0305748631214462
0.4632327768075332
0.7736557308886205
1.02226985060325
0.3907484940192579
0.7112462830594398
1.00110579539197
0.3022297484079831
0.6668286168702541
1.0004565616673384
0.2225572246992937
1.0124805379962307
0.4397128333890906
0.39235575510422666
1.0011972111615186
0.5335885501767091
0.40167323850823383
1.0021708885605702
0.652932039551036
0.42160384285334196
1.0127990747111135
0.794264057781384
0.45287568403303385
1.0046719214195892
0.9039776310331895
0.46819766256678313
0.9948110749109007
1.0135780765377538
0.48241682854586226
0.9370772426742555
1.0235463003053287
0.4351900474356235
0.8799534366860069
1.0241451393429946
0.37561966172015554
0.8221133431223568
1.00600995975424
0.2978181713064009
0.7779397279813651
1.000476776867214
0.2225394149617088
1.0121858071247858
0.24598184220129815
0.30179976111106466
1.011225549410715
0.3568699364256494
0.311026291812339
1.0009936847467205
0.451192268729728
0.31330553150505247
1.0026409900670104
0.5710869297881394
0.3254907417146909
1.012091886192942
0.7100457365397213
0.3470206737063961
1.0075891501253165
0.8217500914673385
0.35613968630951726
1.0006195249781973
0.9314300640591362
0.36322991366669855
0.9853156949204294
1.0216160663731029
0.35865640411866206
0.9329701187944726
1.0103940561369147
0.2928896476932989
0.8890508390924763
1.000494892619716
0.22251947353322052
1.0002408078894316
0.0005106855035774764
0.22235329832542577
1.0002397500741484
0.11162179661468859
0.2223723194073155
1.0002365896743175
0.22273290772579968
0.22239110590252711
1.0002313656670954
0.3338440188369108
0.222409426117536
1.0002241424800742
0.4449551299480219
0.22242705410944333
1.000215009196696
0.556066241059133
0.22244377247252597
1.0002040784575887
0.6671773521702441
0.2224593750194975
1.0001914850713713
0.7782884632813551
0.22247366932441262
1.0001773843520607
0.8893995743924663
0.2224864790958529
1.0001619502035874
1.0005106855035775
0.22249764635112593
0.8560379572774143
0.8261612068603765
1.0321800419978364
0.7964494791525442
0.8781467458819477
1.0316992472353796
0.7050551873282072
0.9061887763948849
1.0005135360809363
0.6589525963114329
0.9778811104166086
1.003612551736618
0.5782415471312068
1.0220778406738527
0.9699609139066793
0.452108841677085
1.0287646577300837
0.8806930112448552
0.29997160557413527
1.0002640141539156
0.7349228307916906
0.1860721452118043
1.001641680044356
0.6118439597907882
0.09042146499500396
1.0089786723980774
0.4867471583656817
0.00019551376828934032
1.0002969759212805
0.333720279071055
0.9426874144308127
0.8722451606942159
1.0050131930512065
0.9016135218555449
0.9393424174534667
1.0203382729420682
0.8526575782883363
1.0026374506183142
1.0258881942949944
0.7641129518699353
1.0315435118452487
0.9937453426709172
0.6143318840641946
1.0020051498302234
0.8910490232730783
0.5184001965639616
1.0248332074392683
0.8266904017346484
0.40283782663261325
1.0231295493792265
0.723955706862905
0.29569375712208174
1.0212862730375223
0.6094436660022838
0.20107239837757226
1.0197635101570999
0.48584442568892156
0.11130662487940045
1.00032387579326
0.33371878309433534
1.0060829414930663
0.8918871757384464
0.9569674742048284
1.0058037006634817
1.0002439949028328
1.001593493301938
0.9089315819361004
1.0110545511205007
0.9690161600371545
0.7931831106704551
1.0044325047579024
0.9095437036861334
0.6963872881101177
1.018899599788158
0.8553840679851558
0.5755025021348589
1.0040609985312396
0.7613884532987307
0.47387718429749226
1.00528792771927
0.6704827194427058
0.3859396649514195
1.0147025387098618
0.5775952122756852
0.30625947927058594
1.0220915627175926
0.4748941656684814
0.22241773599051154
1.0003504439095778
0.33371431361403164
1.0283571436644063
0.8573623809235488
0.8760654614960535
1.0231054714839674
0.9621620651786221
0.91376658883115
0.9805600522638287
1.0284666787519647
0.9218900435420656
0.8727864442914982
1.0213661013075046
0.8692066469865091
0.7749166826136457
1.0262670726105931
0.8129720740182541
0.6559828011733395
1.0015482848208475
0.7198133938082505
0.564443920416694
1.0048214327804994
0.6394239567502827
0.49066401323174064
1.024217089785257
0.5649647355356451
0.4132594074796691
1.02570052633711
0.46591966731469814
0.33352884710162267
1.000376352606109
0.33370692575216826
1.001287287959896
0.7445554050055504
0.7574623540660386
1.0280793938431727
0.8915446410272939
0.8130762464532691
1.0198764075360616
0.9978093683108762
0.8452173570553251
0.9471319031307125
1.026078820371834
0.8208603409700826
0.8514006325152683
1.0240105458222426
0.7660999979550057
0.7444686799156641
1.0034172014019198
0.6852068892071831
0.6725920235297975
1.0256751399780932
0.628565735470987
0.5900521731261128
1.023536922425722
0.5433736615635778
0.5214531635651548
1.0349158134643945
0.4617881850085031
0.4446399582127338
1.0004012823513417
0.33369671062311934
1.0201269796726886
0.6671907340621326
0.6722774468054874
1.018900650537216
0.7795086457337127
0.7014212297943695
1.024457073194195
0.9051527849798038
0.7382472798157518
1.0198418940921161
1.0206804162008178
0.7690836870857488
0.9354996288600536
1.0252273649171553
0.7248441084171786
0.8515261901837773
1.0281396550245097
0.6692711288397661
0.7605210012084687
1.012884575611124
0.5911843854936613
0.6811640732728994
1.0050819492230607
0.509557203468679
0.6249390435470926
1.0248398400627379
0.4424423745700144
0.5557510693238449
1.0004249256871538
0.33368379420989697
1.0210716241300815
0.5446221239184075
0.5768732521084273
1.017581481652551
0.653565584939665
0.5981134937065576
1.0169264171763106
0.7701104497694838
0.6229025556986041
1.0183742934237883
0.8935419524111066
0.6514208768294601
1.01451845976121
1.0121141714945892
0.6772931267128897
0.9415136922051339
1.0230201553625258
0.6330051438991294
0.8525794677259095
1.001215972180015
0.558321916446194
0.7919202544751196
1.017622560948413
0.5017904859490018
0.7221519440640616
1.0042173009002782
0.41723932130479335
0.6668621804349559
1.0004469910206886
0.33366833581040484
1.0207987612017564
0.3987852771098799
0.4869136617260697
1.0188553604835688
0.5090614486521662
0.502453766793192
1.0077522896135103
0.6058904512983868
0.5117002879820569
1.0024927583425185
0.7159054306997682
0.5257004275845705
1.0171071312429878
0.8623765805446083
0.558890266850336
1.0122457366649449
0.9795012554931962
0.576636528730189
0.9650781615425388
1.022155108027858
0.5484445815922638
0.9011913901281087
1.027070516413184
0.49116977157576297
0.8302839547749337
1.0035231837924214
0.4087211938735921
0.777973291546067
1.0004672062205642
0.33365052607281986
1.0024650454853412
0.19700138118273153
0.3971656927964514
1.0017407622447183
0.30791286815931895
0.4047422174304947
1.0001795572931926
0.4188034088096759
0.4121755037215452
1.0009436925608228
0.5352674542686184
0.42186069131675646
1.0127038072558527
0.6736037732204913
0.4421123479217767
1.0137490336511825
0.7950340729034733
0.4551060759366642
1.0137746522914735
0.9170613359204326
0.4684909100062168
1.0069720541422176
1.0276978253902227
0.475305461417031
0.9411471532448002
1.0079063947151727
0.4037756941982287
0.8890844026571781
1.0004853219730658
0.3336305846443316
1.0002743714541333
0.0005011148569275217
0.3334644094365369
1.0002733136388504
0.11161222596803863
0.3334834305184266
1.0002701532390192
0.22272333707914974
0.33350221701363825
1.000264929231797
0.3338344481902608
0.3335205372286471
1.000257706044776
0.4449455593013719
0.33353816522055446
1.000248572761398
0.5560566704124831
0.33355488358363705
1.0002376420222907
0.6671677815235941
0.33357048613060863
1.0002250486360733
0.7782788926347052
0.3335847804355237
1.0002109479167627
0.8893900037458163
0.333597590206964
1.0001955137682894
1.0005011148569276
0.333608757462237
0.7416589403265593
0.6435771111524292
1.0033388433047568
0.6963300969485398
0.7126864744663857
1.0084484744119653
0.6630133781680636
0.7948045265668364
1.021091630637375
0.6074095208951183
0.8617579320379687
1.013294917353583
0.5703878316228347
0.9462718185184038
1.0189489422187492
0.5234331453084673
1.0270705678510483
1.0149533229208354
0.35368678446278023
1.0019543462097626
0.8678227430038671
0.22840265992558106
1.009086036319632
0.7467727168773416
0.103099691112471
1.0033172258865726
0.5977117907077985
0.0002278091450989866
1.0002837426756652
0.4448313901821661
0.8850311768110598
0.7286399582686616
1.0176279052379855
0.8086764050370941
0.7675864530087485
1.0019233997597141
0.7614430777163745
0.836170352732774
1.004480502815407
0.7127806128443688
0.9064955497208493
1.0031094216302188
0.6693449283137075
0.9839836933960394
1.0033034130723748
0.559180143259615
1.0031893917502568
0.9334631068115813
0.45433682018799426
1.0284002130518393
0.8573577763469036
0.32299651055988976
1.0149461568353673
0.7251806271433768
0.2188912042746662
1.0225157372326705
0.6065414256889327
0.11133892025621009
1.0003106425476447
0.44482989420544644
0.9936261790626411
0.7850894106389124
1.0010509409703463
0.9350733941311422
0.8369625376272819
1.0009505312396871
0.8956854212064685
0.9108389092238017
1.0118664034902696
0.8545256103644611
0.986327928032232
1.0200030486469098
0.7732799154792332
1.0254899493891247
0.9887385690424095
0.6452802682792538
1.0186710254135551
0.9021528715708508
0.5284240379393942
1.0189268979673607
0.8086912702087963
0.40576789921004236
1.003733199425628
0.6867538079914551
0.30831622277108767
1.0038953096521455
0.5714574263904378
0.2224500313673212
1.0003372106639623
0.44482542472514275
1.0152783355492365
0.7510136434845777
0.9249195520420285
1.0084348572921487
0.8540043890642689
0.9579257101659081
1.0044483853987398
0.9632655653120085
0.994726624285421
0.9549867862613282
1.0284312269468963
0.9969202090592107
0.8170415219558931
1.0016451255279455
0.9160167066466449
0.7205124443266809
1.0176183821801386
0.857443256192768
0.6123043959422934
1.0163921152142745
0.7718351100481307
0.5155515007118229
1.020743895328488
0.680926877405785
0.4247332137167321
1.0206299022513048
0.5767549772781324
0.3335611424784323
1.0003631193604936
0.44481803686327936
1.0415814745503171
0.7092474423024456
0.8524726921439728
1.023319580635533
0.7987632525567363
0.8721803710428258
1.0279062569910027
0.9191423832139435
0.910856925652899
1.0231697036628633
1.0322957974698357
0.9448213878153647
0.8911694434559034
1.0006686577451236
0.8691295509400726
0.8047851820701643
1.0202447519123845
0.8196890440070767
0.7045136920208768
1.0187170391987765
0.742687939098142
0.6105352525719239
1.0167113208305065
0.6552410151562275
0.5252030670234912
1.0141548870596415
0.5585963138600121
0.44467225358954343
1.0003880491057262
0.44480782173423045
1.0042055447217357
0.5717138003810556
0.7369194029222715
1.025978220071614
0.7113393365059829
0.7784236108818158
1.0203987098524978
0.8200870606999863
0.8040378737029477
1.00870248529358
0.9250260896392702
0.8257067517166925
0.9961268028909654
1.0316004191915475
0.8475551488016883
0.8847438653291833
1.011562176686537
0.7762735004439526
0.7854509758117881
1.0009980444295246
0.7002098121060754
0.7014315584116334
1.0027567569247444
0.6240553728422427
0.6350995670149364
1.020400791635683
0.5532704800461037
0.5557833647006546
1.0004116924415385
0.44479490532100807
1.0223172157806657
0.48260990280574545
0.6617236860487313
1.0025599475741072
0.5694425423211827
0.6703585006985224
1.0202985923951404
0.7088660664359747
0.7049315087353196
1.0141528113747076
0.8189130775771708
0.7246447767969487
1.0032173796226627
0.9259399438199252
0.7410656225178933
0.971089483939635
1.0049875865951754
0.7382874791740487
0.8953444904967245
1.0195055107877076
0.6878078930572052
0.8079772454206902
1.0089529521391811
0.6111276212383216
0.745851828967415
1.0273649660247135
0.5481864474276632
0.6668944758117656
1.000433757775073
0.44477944692151594
1.0169011871532236
0.34414178667281425
0.5785129962644228
1.0235267457348507
0.4671983449408071
0.5977214227952347
1.0166395054830693
0.5712715295789225
0.6090506790741756
1.001496400283851
0.6663077737596966
0.6145859887253476
1.001130795804441
0.7848221053858502
0.6313174046589455
1.013708314457316
0.9253127400911829
0.661007582949831
0.9847505955825698
1.0047141292187844
0.6534754955411283
0.917994631579599
1.019450876663391
0.6012585402139055
0.8381259491745826
1.0001455093048268
0.519620346163804
0.7780055869228767
1.0004539729749489
0.44476163718393097
1.0152097425319377
0.1916183428333735
0.5075524762700218
1.022049046296383
0.315045350463644
0.5194150027910249
1.020501158461114
0.42597954709217434
0.527414414618465
1.0180745123717623
0.5369020295329802
0.5351843413753744
1.0074275104918993
0.6350045472145772
0.536695511194101
1.0035095590068093
0.7458077111772399
0.5431745989581062
1.0020392781296406
0.8619847020132246
0.5521413876886805
1.011384816795286
0.9991842533985277
0.5730821323812604
0.9489977622691994
1.0045278795714305
0.5146585006414831
0.8891166980339879
1.0004720887274505
0.4447416957554427
1.000306666830943
0.0004878816113121038
0.444575520547648
1.0003056090156601
0.11159899272242321
0.4445945416295377
1.000302448615829
0.22271010383353432
0.44461332812474935
1.0002972246086068
0.3338212149446454
0.4446316483397582
1.0002900014215856
0.4449323260557565
0.44464927633166557
1.0002808681382076
0.5560434371668677
0.44466599469474816
1.0002699373991004
0.6671545482779787
0.44468159724171974
1.0002573440128828
0.7782656593890898
0.4446958915466348
1.0002432432935722
0.8893767705002009
0.4447087013180751
1.000227809145099
1.000487881611312
0.4447198685733481
0.6367952509163384
0.491041060352366
1.0008827896023549
0.6182825738679109
0.5846331737249262
1.0201281481638609
0.5566235805168311
0.6487036784093947
1.0063417128942596
0.5137159784874556
0.7290172650309567
1.0033924025031704
0.4786690697454879
0.8170283269967241
1.0045473598210628
0.46570238215005144
0.9229312558605463
1.0246461834255591
0.4273428283432533
1.0116430612209792
1.0194063471785653
0.278980074213351
1.0179159082721387
0.8897883681262287
0.1339013423960795
1.0130826497532097
0.7330142775079652
0.0002408669403841701
1.0002488561343816
0.5559161930123928
0.7810900428091192
0.5632028996373866
1.0147340933750635
0.7336465799830485
0.632533176169244
1.016201683317642
0.6702224586664893
0.6918039447348401
1.002619603417251
0.6291081077992534
0.7715055428486524
1.0021628247441285
0.5915386104961485
0.8560556432870756
1.002099446251154
0.5731644405701155
0.9579037866733562
1.0176502494587367
0.4844867064396181
1.0031622582867747
0.9614089790457855
0.36512027563914334
1.0212142108514204
0.8601566360593125
0.2196893428122813
1.000984959324506
0.6997619940959656
0.11135197805149527
1.000273927095176
0.5559147987465124
0.9151117844005832
0.6307590800938532
1.0165917943960914
0.8402005339417787
0.6734101695219417
1.0020713350863892
0.8091153728871328
0.757594248500194
1.0136064257670068
0.7615806481677363
0.8298030871240021
1.0107696676350355
0.7298349305220478
0.91802469212114
1.0179809255531092
0.6801290303413317
0.992121519053334
1.006849582533717
0.5679917287353937
1.0097659393904972
0.928025341842391
0.45181844356560213
1.0184576752777652
0.8273849586977835
0.32679722400106065
1.007082661743111
0.6930409165269704
0.22246308916260638
1.0002986888562388
0.5559106331443285
1.022129098933343
0.6756449568202948
0.9977190153584572
0.9731935567212043
0.7385756059392894
1.0013808167680798
0.9389909855012117
0.8187558672336783
1.0134352248479723
0.9002597569683009
0.897109485324646
1.019526998726588
0.8545572561690314
0.9711707562532562
1.017834249014141
0.7628970591819276
1.002080995441184
0.970983581655966
0.6554636228735685
1.0154677789505153
0.8967422237706503
0.5309981505654936
1.0043757281550305
0.7864112057651685
0.4385365815225476
1.0179737313645651
0.6912338174661119
0.3335742002737175
1.0003228360311942
0.5559037475801417
1.001640364914714
0.5888481137270761
0.9007817553633818
1.0246365500672934
0.7233700444489707
0.9451017641786257
1.0196989620436978
0.8319671235921138
0.9743974931911897
1.0032540521797197
0.931574301531456
0.9966774952129668
0.9596045527614678
1.0057151762763519
0.9975616021902212
0.8425679152945126
1.0035279394132037
0.9304564295692167
0.7419015163446917
1.0153016272092175
0.8628696332382695
0.6407551534577387
1.0203650578495014
0.7787936463959306
0.5291417967338005
1.0010849427794712
0.6624101711590028
0.4446853113848286
1.0003460708133454
0.5558942269734977
1.0205479217286892
0.5255042479830313
0.8292506666872433
1.018080861310115
0.6345090542534634
0.8533774604153872
1.0024440240222516
0.7318311101493681
0.8694365037532862
1.024421832845883
0.8734593072529936
0.9128077565983798
1.0124303982969265
0.9800092590239231
0.9338978316219003
0.9436892192569646
1.0237736194639726
0.9072840231035696
0.8347763574489442
1.017874165287332
0.8341118091989138
0.7247633763286986
1.0023786540437711
0.7419723818498998
0.6532737154636173
1.0267061407712872
0.6743289416370682
0.5557964224959397
1.0003681066485213
0.5558821887418752
1.00348645112189
0.4053479888938444
0.7413937652820406
1.0010122386876839
0.5146605395055396
0.7587870286283837
1.0172003588068854
0.6483911906020954
0.789041613433563
1.016672725499748
0.7646831283659112
0.8106106984623215
1.0031333834909555
0.8675287272647609
0.823555781142246
1.0124461909641858
1.0008746691392862
0.8554314583556952
0.918129250861738
1.0039528390004935
0.7957832231387341
0.8411902911166093
1.0235405241950002
0.7392365776475384
0.7548898805369458
1.0209246246908208
0.6582803066053905
0.6669075336070508
1.0003886717691428
0.5558677813525797
1.0064044051701726
0.29089764487062875
0.6711409397549689
1.0049679027131806
0.40120950433508096
0.6833480105601087
1.0021743411206492
0.5114545163593868
0.6952928332469431
1.002459637189098
0.627320797069746
0.7097930101760468
1.0180478950721306
0.7651830884365602
0.7365759374522775
1.0172467840254085
0.8839537648941072
0.7532809643082159
1.0035285014855284
0.9870426564054783
0.7597720324772016
0.9273837223488032
1.0005094618209898
0.7049771495887805
0.8621976378873571
1.0215557202013195
0.6486832873005123
0.7780186447181618
1.0004075125459286
0.5558511824916971
1.018307132125328
0.17294170916886653
0.6139254550539652
1.0240017646514572
0.29327417897522906
0.6244820393171171
1.02261831846538
0.4042500114113072
0.631925521110195
1.0115394651545557
0.5020933021449353
0.633222858135957
1.0086489188895862
0.6129184712207101
0.6395689435271437
1.0050694132705418
0.7237373041328355
0.6455478163279511
1.0008449906323047
0.8345534009078772
0.6510859409728544
1.0176175397771574
0.9788266991987818
0.6761328761468696
0.9718101569403703
1.0255017530853132
0.6413685740130249
0.889129755829273
1.0004243966159
0.5558325968726952
1.0003143631247389
0.00043911574811110216
0.5556777198486418
1.00031337722988
0.11155022685922221
0.5556954476950302
1.000310431704328
0.2226613379703333
0.5557129569041919
1.0003055628751993
0.33377244908144443
0.5557300315353493
1.0002988307896803
0.44488356019255554
0.5557464610073679
1.0002903184744667
0.5559946713036666
0.5557620426958498
1.0002801309117966
0.6671057824147777
0.5557765844320972
1.0002683937447063
0.7782168935258887
0.5557899068731252
1.0002552517274776
0.8893280046369999
0.5558018457134962
1.0002408669403842
1.0004391157481112
0.5558122537116957
0.5379284695767564
0.36376294719592683
1.0180603918275024
0.47413597935906077
0.42965531030498777
1.0009633566295288
0.4435579968705783
0.5198157471684299
1.0033425955006958
0.40806576431482855
0.6083272700271554
1.0001489131585115
0.3999185180933816
0.7161406129078697
1.0177594766205975
0.37499145256944394
0.8148292599654987
1.0216277625199293
0.3293983674332397
0.8993031241497054
1.0020301200820294
0.3257267333705986
1.014518817781217
1.0240186469795374
0.16151899254629987
1.0145061060730727
0.8613698285652778
0.00026750814001965203
1.0002301920019647
0.6670273041235039
0.6660742169866221
0.41235866571870144
1.0236206258036749
0.6174478486457269
0.48552892579776025
1.0175865098623242
0.5788104784857838
0.5682199835889066
1.01653511440586
0.5478896666458116
0.6582572341679926
1.0188909659366319
0.5101270279098766
0.7449043334725688
1.0138400401417424
0.48225072805674885
0.8397056108893324
1.014357858216574
0.4430308683926108
0.9271756843020793
1.0021729622577995
0.4038183267510797
1.0151332827359507
0.986297627018103
0.2570757309309805
1.0174106553856803
0.8439895421771519
0.11137861925113075
1.000255262962759
0.6670259098576234
0.7562185146716032
0.4324230882179009
1.0000067367466818
0.7174240460413438
0.51096783463805
1.0016795644345096
0.6876198044747247
0.5987496599522425
1.0071540788975206
0.6596365648209033
0.6897474111512598
1.0123574327347407
0.6180246093607644
0.771444515960242
1.0048301713438865
0.5859253681618566
0.8618533370823581
1.002190997555581
0.5728800701716444
0.9688061582736608
1.015200682102814
0.4881526872929527
1.016642205012989
0.954392154342465
0.3409664313659612
1.003166530082537
0.8085424914276684
0.22248973036224187
1.000280024723822
0.6670217442554396
0.9182678294915894
0.5113889710603222
1.01572238537425
0.8621979216586526
0.5730733901583146
1.0111923267882985
0.8285067360421625
0.6560654956292562
1.0164068436139138
0.788156567794675
0.7354181655316864
1.0151144271486425
0.7555787385130728
0.823055147925872
1.0169162998257721
0.716868255557927
0.9067196599764277
1.0112839950392662
0.6971256359048331
1.0080097294377213
1.0195429184473799
0.5754945336772606
1.0162168401938625
0.9242070273256567
0.44773408244472296
1.008939831108992
0.8008055894449195
0.33360084147335295
1.0003041718987773
0.6670148586912528
1.0252305774461339
0.5449480161056399
0.9957359634814034
1.0019978678225143
0.6338711876958895
1.0118416224241782
0.9615814544240024
0.7092808306449736
1.015612790903172
0.9011826666975981
0.7684091272413766
1.0030014913010978
0.8618185809305059
0.8484381262481292
1.00074836480282
0.8516894997889944
0.9574521225837948
1.0193684220608281
0.7897320662247524
1.0180324520170096
0.9922169040369679
0.6584388345348287
1.0065512626292676
0.8886577918510626
0.5583783895391502
1.018076961408058
0.7967035218426252
0.44471195258446405
1.0003274066809285
0.6670053380846087
1.0210128030830785
0.467183894272952
0.9172578184159477
1.0186868077689093
0.5761287336958979
0.939984368588167
1.011561718638425
0.6824691741484987
0.9602515947633562
1.0032788099449426
0.7898488262358407
0.9806684458527258
0.9927702108066719
0.897126144451078
1.0000176452590785
0.9801680703532243
1.0043883459970582
1.0181333644084714
0.8749318225641136
1.016493296497174
0.9571587150563869
0.7681884991101103
1.0216505367138566
0.8792453318639503
0.6483878517526601
1.0019397982076168
0.7691599146835091
0.5558230636955752
1.0003494425161044
0.6669932998529863
1.024149927290248
0.38132841210646257
0.8465393652003586
1.0217042827683094
0.4904852331397308
0.8637809958897812
1.0173602649181646
0.5995324082701365
0.8806158227627173
1.0111792227634828
0.7084878977990426
0.8968011390769853
1.003194259935415
0.8173630256511019
0.9122113865467604
1.017920573491484
0.9531944714621
0.9451822243387697
0.9669655220972397
1.0176119218980721
0.9271692111042078
0.8503423736174112
1.0026693627293954
0.8425598640895562
0.7737155679840583
1.027098421275917
0.7794395202651819
0.6669341748066863
1.000370007636726
0.6669788924636908
1.0242902848921047
0.2776846504446185
0.7803970630120398
1.0228668820072164
0.3879106525203726
0.7926259093799435
1.0200730777742422
0.49806194574664253
0.804602445818196
1.0173081667155663
0.6095237921958032
0.8171981037915349
1.0105849345744498
0.7182247587135713
0.8271809989443836
1.0039987175417304
0.8282667239783077
0.8375357105585921
1.0218528000531353
0.9695530731854681
0.8675864150955885
0.9672904849853864
1.0226911130190746
0.8379826067389158
0.8745180491098038
1.0207047793816622
0.7632296965118234
0.7780452859177973
1.0003888484135117
0.6669622936028081
1.001098993852933
0.13272474996832692
0.713063867308798
1.0254138659668843
0.27294295049306205
0.7302541134896211
1.0240049161126328
0.38376617318564105
0.7371085025586961
1.0218441403945389
0.49457740160229385
0.7437591257447762
1.0189581658303246
0.6053803300075834
0.7501241882181786
1.0167141520278224
0.7175567686401838
0.7571591780922553
1.0111728523372663
0.8269635861778347
0.7616549217366474
1.0063535391766694
0.9377542795020625
0.7667036506454874
0.9814883809257396
1.0207044935537737
0.7533186314921977
0.8891563970289085
1.0004057324834832
0.6669437079838062
1.0003410043243743
0.0004204516156942093
0.6667888309597528
1.0003400184295155
0.11153156272680531
0.6668065588061413
1.0003370729039636
0.22264267383791642
0.6668240680153029
1.0003322040748348
0.3337537849490275
0.6668411426464603
1.0003254719893158
0.4448648960601386
0.666857572118479
1.0003169596741022
0.5559760071712498
0.6668731538069609
1.000306772111432
0.6670871182823609
0.6668876955432083
1.000295034944342
0.7781982293934719
0.6669010179842363
1.0002818929271131
0.8893093405045831
0.6669129568246073
1.0002675081400196
1.0004204516156943
0.6669233648228068
0.36145290213833536
0.21026668681981006
1.0007443608342372
0.3580673487980869
0.31820730357998295
1.0157324499084246
0.33491882574033094
0.41562716829059165
1.0179867924021633
0.31204198658430315
0.5142866975039108
1.0182269195617863
0.29636057671595917
0.6182919888153382
1.0240994283884364
0.2495789000779328
0.7042094078514773
1.000688728591319
0.24235500891479486
0.8139561422269559
1.010379649993933
0.23398001264625065
0.9237059486786655
1.0191415254471057
0.17417699312180498
1.0022918045703233
0.9721050398328535
0.0002919155288638252
1.0002086889155188
0.7781384152346149
0.49782601126239673
0.25012244999510214
1.012345192567618
0.4853000320054408
0.3517927892528852
1.0234733817788821
0.4349983278140755
0.43079894604271196
1.0070047753537075
0.4043321811014125
0.5233433916342054
1.001659467135591
0.40675635047074155
0.6384623740200212
1.0214158338786954
0.36500214129638586
0.7248870176554828
1.0027048796266005
0.35266521753903823
0.8313691838225047
1.0080303821385355
0.35361056144106345
0.9487127951714335
1.0275005320367367
0.2633254717843498
1.0008468600766804
0.9472553504919106
0.11140302663997494
1.0002337598763131
0.7781370209687345
0.6081363370530032
0.27424250270652295
1.005551887938972
0.5730380249664433
0.35960276045183026
1.0023237129365852
0.5452430256810513
0.4514985362043104
1.0015090582222463
0.5405226869128393
0.5607707471211605
1.0156404571983684
0.5011145190917068
0.6464417241242575
1.003057456681747
0.49988664148621625
0.7600666396890465
1.0192780900782044
0.4628601501027767
0.8484905339739868
1.0037757792482478
0.45442423350636163
0.958257054843603
1.0125359264868115
0.3797552747097183
1.0187802390127487
0.9523214457821896
0.22251413775108603
1.000258521637376
0.7781328553665506
0.7476199875819436
0.32027633744715367
1.0122187463558545
0.7161219276708864
0.40639694276709964
1.0135654759185713
0.6852217112723998
0.49448979736692505
1.0131963605790626
0.6505069430437709
0.5808458740538714
1.007881504234483
0.618922417578283
0.6705230270172384
1.0021641433839004
0.6110178993802214
0.7795809107652797
1.013537423640062
0.5777560371516592
0.8689782175093027
1.0019512508285948
0.5644442655179084
0.9749049224978651
1.006417751221403
0.45701133409534145
1.0002081884726037
0.9115966400666311
0.33362524886219713
1.0002826688123312
0.7781259698023638
0.8832346788738377
0.3655777274407297
1.0125523122758884
0.8257395920437931
0.4285862616726878
1.001671974605531
0.8140099768960755
0.5310706144753026
1.0140129884156857
0.7651920331866243
0.6040903817436641
1.0012970615051051
0.7550167588582521
0.7104036121158767
1.0126331022906012
0.7383882423846353
0.8121668650261497
1.0182066857463608
0.7123746755878119
0.9068478699415882
1.015292503598278
0.6789707556503791
0.9949776545003342
1.0027973694464973
0.5677393296882876
1.009319991732661
0.9074497083297427
0.44473635997330824
1.0003059035944826
0.7781164491957198
1.0347672811048716
0.42665471800411137
1.0159816381100482
0.9614132965494011
0.4726117028812189
1.0012307500156432
0.9492648635756866
0.5744857240791699
1.0150344376528269
0.9163804239424275
0.6596221418053874
1.0161311066807333
0.8711899445579019
0.7344328322003869
1.0049437967351904
0.862928515152958
0.8436557152989314
1.0178946138647196
0.8302115321658873
0.9311950925532042
1.0109277195238193
0.7799544419501678
1.001741778465143
0.9851203928246437
0.6613480715133645
1.0002739139552044
0.8852743902002541
0.5558704651460268
1.000353771078555
0.7781301397207636
1.004720111841767
0.32007362281949964
0.9353990869236385
1.0026675646850791
0.4294888672370647
0.9508918009281139
1.0296342941652377
0.5678114308635079
0.9826910980218289
1.0236221776616952
0.6767279063869364
0.99859734456139
1.0176442233256218
0.7873753195953378
1.0153414768385798
0.9721619034099023
0.8607970082285225
1.0036441292447917
0.9624413857326422
0.9701105497195369
1.0155895985880143
0.8755784738752286
1.0006313670414395
0.9620664503971511
0.7721351000143855
1.00720297032999
0.8801140806962228
0.6669815762571378
1.00037595610495
0.778114597467563
1.0151844159507812
0.23727476534454
0.8791877957626919
1.0139510797435856
0.34757685842756336
0.8902953578021724
1.0120011579723567
0.45835627168379867
0.9015201592457783
1.0078277547143972
0.5680486802697889
0.9117248141774679
1.0030039390299375
0.6782330351910765
0.9217978913379499
1.0178624377668972
0.8102000603115161
0.9453844471701269
1.010880848346232
0.92087704904974
0.9553715624447142
0.9827717437440129
1.0093090119373567
0.9484184612806983
0.8829010816030004
1.0135496957128924
0.874251068224142
0.7780926873682489
1.000396280961681
0.7780966911214936
1.0151245015801829
0.13229676030493343
0.8261384816780747
1.0145982620549996
0.24317934515965595
0.8321622332325589
1.0259125258076527
0.36751967590061857
0.8445810781596602
1.0122420095030507
0.46560694298723654
0.8442724519614901
1.0091069858309891
0.5757720801813884
0.8493441517899843
1.0060405104001147
0.6866214718761091
0.8545479516481655
1.0024155182013383
0.7974717074201161
0.8593786440846357
1.0012148116089064
0.9118083903714082
0.8660532938666738
0.9787447420505998
1.0007524738215128
0.8550382525184799
0.88920379847936
1.0004144949826375
0.778076641521216
1.0003941950378965
0.00043037353460995706
0.7779095649000857
1.0003931314845205
0.11154148464572106
0.7779286891613671
1.000389953941178
0.22265259575683216
0.7779475775634609
1.0003847015964569
0.33376370686794327
0.7779659971560264
1.0003774392274352
0.44487481797905437
0.7779837207705431
1.0003682564007854
0.5559859290901655
0.778000529821976
1.0003572663681524
0.6670970402012766
0.7780162170045806
1.0003446046694204
0.7782081513123876
0.7780305888486018
1.000330427461104
0.8893192624234988
0.7780434681063328
1.0003149095904713
1.00043037353461
0.7780546959381079
0.20288170714402803
0.09878159551621407
1.0075322924759096
0.1792743132728456
0.19798349971149315
1.0020444133637334
0.18189089627052804
0.3104045827619966
1.0127165226474644
0.15456744772446307
0.4088546695852798
1.0021965096328025
0.1563073377112289
0.5217286312811849
1.0121597165517648
0.14665440827240347
0.6293243999357366
1.0133060555980786
0.12274479831128529
0.7299108817711527
1.0009483237157444
0.11873351980129229
0.8406874827228729
1.0053731719257462
0.1223280321872724
0.9563356669078679
1.0182609480920004
0.00033850504499821
1.0001991538863724
0.8892779336042667
0.3041770759650433
0.10607987622984617
1.0004839911734684
0.29027719998432994
0.20929343899346944
1.000813298478576
0.2928768329071002
0.32202527057056873
1.011559948512561
0.2655272917335906
0.4188428744771659
1.0011695174579238
0.2672254728578397
0.5320050102212673
1.011090800987305
0.25756036541467575
0.6392037156598972
1.0123002842513005
0.23368150832106144
0.7384428218831707
1.000128692178299
0.2296517782888598
0.8492211322031905
1.004552333695482
0.22514665177465643
0.9600002266791537
1.008488777454664
0.11144961615610932
1.000226199676047
0.889276429512658
0.4204915415410362
0.1212964499986243
1.0007551894878928
0.41785120195487835
0.23061717542717186
1.0083755989714118
0.3964391181328136
0.32898683217558367
1.004028127392713
0.3941319035536675
0.43957731269332895
1.0115267720118029
0.36822697847569885
0.5359658688777064
1.0013692073264435
0.3690118122001671
0.6493315858455516
1.0107542352974301
0.3479218561983958
0.7490024257677467
1.0013137000233057
0.3405448645488235
0.8576315188424075
1.0027930091547659
0.33602359671032667
0.9684144835882977
1.0067285979075025
0.22256072726722043
1.0002529119104597
0.8892719357877681
0.5550854661300242
0.14908805806952555
1.009546081475539
0.5350603609146308
0.24666520011905493
1.0079715110499843
0.5073151944307928
0.3395956616235105
1.0004184765762627
0.505540185234796
0.4506195397938438
1.008425108177123
0.4845367480211756
0.5489177723592498
1.0023148498675694
0.485340747210365
0.6626078946972532
1.0118716654227349
0.4751550602636178
0.7690780462140795
1.0126656227080428
0.4514154673331332
0.8658151582962349
1.0001170517470341
0.4468784489088577
0.9766040886021916
1.0040518232086384
0.33367183837833153
1.0002789611480791
0.8892645078506294
0.6624109678474506
0.1593520294736981
1.0014105392004986
0.6580684743973945
0.2672284996401926
1.0091751395210806
0.6378268804743968
0.36418734131423747
1.007529506065948
0.6157928098258092
0.46037587767856875
1.0031585186960545
0.6126022398457196
0.5709667750215771
1.0103520329535942
0.6033575707574143
0.6775409523298777
1.0130760774916818
0.5865151221210938
0.7786344393662901
1.0090202416717902
0.5811998027134208
0.8888536020325891
1.0135967112842101
0.5577143670133746
0.9844683220830348
1.0004915554288074
0.44478294948944264
1.000304026124103
0.8892542373098636
0.8025095387077545
0.1942804645973958
1.007816580686269
0.7687644509941085
0.27882948678883995
1.001948428070114
0.7616036573550227
0.3851279533050087
1.0083704440061942
0.7458597803324264
0.4853342930863632
1.009295095559408
0.7233432535352728
0.5805836018631035
1.0044908878462473
0.7193472117564753
0.6911820910626858
1.0112846670506799
0.6932833428607093
0.7838403593461319
1.0005846785783388
0.692499264622367
0.8979549938429938
1.0089693183589705
0.6866391583754133
1.0081632087250827
1.0129911255994595
0.5558940606005538
1.00032779771261
0.8892412508318748
0.9179022533392898
0.21063307069217588
1.0000495777419702
0.894886273593169
0.3025633450184938
1.0008748959107387
0.8774039487362169
0.3999966439034961
1.002854615513527
0.869285044478248
0.5060666459086949
1.0090027012519693
0.8528646477709049
0.6057180133000625
1.0095766239997679
0.8300209816168377
0.7001204556878099
1.0043976487061146
0.8252755537249972
0.8107402652383295
1.0107074633577067
0.8149686395398654
0.9168300028176416
1.0124391369652233
0.7823796522704785
1.0017646598612988
0.9936122172426645
0.6670051717116648
1.0003499827390048
0.8892257085786741
1.0187389689463024
0.21347407211508368
0.985552105057943
1.0137148965553677
0.3203690651709431
0.9941752493020076
1.0114136862767176
0.43065150838887517
1.0045286155056463
0.9848877777440787
0.5201835425963424
1.0023586705994183
0.9758854010859396
0.6260693601562208
1.0081571780713954
0.9589127387444917
0.7252423099473617
1.0083729891143616
0.9358987845628308
0.8188977202918608
1.0028825535802535
0.9309989538539769
0.9300908790761054
1.0091006361242267
0.8901433371911767
1.005168995350654
0.9849999033372141
0.7781162828227759
1.000370307595736
0.8892078022326048
1.0032656210525126
0.1063027479377615
0.9300665902766612
1.0028335669750823
0.2172266636026555
0.9352381906850172
1.001831175656349
0.3281420605677324
0.94033089633601
1.0188366885252043
0.456634786037766
0.9545285589901603
1.016368385440345
0.5674725664689525
0.960054528130066
1.013970895562058
0.6789846323209531
0.9657639539351037
1.010333741413385
0.7898196242997498
0.9706325066262597
1.0055415479441747
0.8999752225938709
0.9745120099084307
1.0015557543380489
1.0115025169372414
0.9790112273101089
0.8892273939338871
1.0003885216166923
0.8891877526323272
1.0004177904924234
0.0004044001686648729
0.8890206760111968
1.0004167269390474
0.11151551127977598
0.8890398002724783
1.000413549395705
0.22262662239088707
0.889058688674572
1.000408297050984
0.3337377335019982
0.8890771082671376
1.000401034681962
0.4448488446131093
0.8890948318816543
1.0003918518553125
0.5559599557242204
0.8891116409330871
1.0003808618226793
0.6670710668353315
0.8891273281156917
1.0003682001239473
0.7781821779464425
0.8891416999597129
1.0003540229156311
0.8892932890575537
0.889154579217444
1.0003385050449982
1.000404400168665
0.8891658070492191
0.00043836045069431043
0.00017072435894782077
1.0002439136773555
0.0004372968973183011
0.11128183547005893
1.000263037938637
0.00043411935397589624
0.22239294658117004
1.0002819263407308
0.00042886700925487224
0.33350405769228114
1.0003003459332962
0.0004216046402329752
0.44461516880339225
1.000318069547813
0.000412421813583327
0.5557262799145034
1.0003348785992459
0.00040143178095017546
0.6668373910256145
1.0003505657818503
0.0003887700822182997
0.7779485021367255
1.0003649376258716
0.0003745928739019263
0.8890596132478367
1.0003778168836026
0.0003590750032691057
1.0001707243589477
1.0003890447153778
0.11154947156180542
0.00019777014862252664
1.0002424095857467
0.11154840800842941
0.11130888125973364
1.0002615338470284
0.111545230465087
0.22241999237084473
1.0002804222491222
0.11153997812036598
0.33353110348195586
1.0002988418416876
0.11153271575134407
0.44464221459306696
1.0003165654562043
0.11152353292469443
0.5557533257041781
1.000333374507637
0.11151254289206128
0.6668644368152892
1.0003490616902417
0.1114998811933294
0.7779755479264002
1.000363433534263
0.11148570398501303
0.8890866590375114
1.000376312791994
0.11147018611438021
1.0001977701486224
1.0003875406237692
0.22266058267291652
0.00022448238303505652
1.000237915860857
0.22265951911954052
0.11133559349414617
1.0002570401221385
0.2226563415761981
0.22244670460525726
1.0002759285242322
0.22265108923147708
0.3335578157163684
1.0002943481167978
0.22264382686245518
0.4446689268274795
1.0003120717313145
0.22263464403580555
0.5557800379385907
1.0003288807827473
0.22262365400317238
0.6668911490497017
1.000344567965352
0.2226109923044405
0.7780022601608128
1.000358939809373
0.22259681509612414
0.8891133712719239
1.0003718190671043
0.2225812972254913
1.000224482383035
1.0003830468988792
0.3337716937840276
0.00025053162065458644
1.0002304879237183
0.3337706302306516
0.11136164273176569
1.0002496121849997
0.33376745268730923
0.2224727538428768
1.0002685005870935
0.3337622003425882
0.3335838649539879
1.000286920179659
0.3337549379735663
0.444694976065099
1.0003046437941758
0.3337457551469166
0.5558060871762102
1.0003214528456086
0.3337347651142835
0.6669171982873212
1.000337140028213
0.33372210341555164
0.7780283093984323
1.0003515118722344
0.3337079262072352
0.8891394205095434
1.0003643911299653
0.3336924083366024
1.0002505316206547
1.0003756189617405
0.4448828048951387
0.00027559659667841796
1.0002202173829524
0.4448817413417627
0.11138670770778952
1.0002393416442341
0.44487856379842033
0.22249781881890063
1.0002582300463279
0.4448733114536993
0.33360892993001173
1.0002766496388933
0.4448660490846774
0.44472004104112284
1.00029437325341
0.44485686625802773
0.555831152152234
1.0003111823048427
0.4448458762253946
0.666942263263345
1.0003268694874474
0.44483321452666275
0.7780533743744561
1.0003412413314687
0.4448190373183463
0.8891644854855673
1.0003541205891997
0.4448035194477135
1.0002755965966785
1.000365348420975
0.5559939160062499
0.0002993681851853034
1.0002072309049637
0.5559928524528739
0.11141047929629641
1.0002263551662451
0.5559896749095314
0.22252159040740752
1.0002452435683389
0.5559844225648104
0.3336327015185186
1.0002636631609045
0.5559771601957886
0.4447438126296297
1.0002813867754212
0.5559679773691389
0.5558549237407409
1.000298195826854
0.5559569873365058
0.6669660348518519
1.0003138830094587
0.5559443256377739
0.778077145962963
1.0003282548534798
0.5559301484294575
0.8891882570740741
1.000341134111211
0.5559146305588247
1.0002993681851853
1.000352361942986
0.667105027117361
0.00032155321158015344
1.000191688651763
0.6671039635639849
0.11143266432269126
1.0002108129130445
0.6671007860206425
0.22254377543380235
1.0002297013151382
0.6670955336759214
0.3336548865449135
1.0002481209077037
0.6670882713068996
0.4447659976560246
1.0002658445222206
0.66707908848025
0.5558771087671357
1.0002826535736533
0.6670680984476168
0.6669882198782467
1.0002983407562578
0.6670554367488849
0.7780993309893578
1.000312712600279
0.6670412595405686
0.889210442100469
1.00032559185801
0.6670257416699358
1.0003215532115801
1.0003368196897853
0.778216138228472
0.00034187806831131157
1.0001737823056935
0.778215074675096
0.11145298917942241
1.0001929065669752
0.7782118971317535
0.22256410029053353
1.000211794969069
0.7782066447870325
0.33367521140164463
1.0002302145616344
0.7781993824180107
0.44478632251275574
1.000247938176151
0.778190199591361
0.5558974336238669
1.0002647472275839
0.7781792095587279
0.667008544734978
1.0002804344101885
0.778166547859996
0.778119655846089
1.0002948062542099
0.7781523706516796
0.8892307669572002
1.0003076855119408
0.7781368527810468
1.0003418780683113
1.000318913343716
0.8893272493395832
0.0003600920892678158
1.000153732705416
0.8893261857862071
0.11147120320037893
1.0001728569666977
0.8893230082428647
0.22258231431149003
1.0001917453687914
0.8893177558981437
0.3336934254226011
1.0002101649613568
0.8893104935291218
0.4448045365337122
1.0002278885758735
0.8893013107024722
0.5559156476448234
1.0002446976273063
0.889290320669839
0.6670267587559344
1.000260384809911
0.8892776589711071
0.7781378698670455
1.0002747566539323
0.8892634817627908
0.8892489809781566
1.0002876359116633
0.889247963892158
1.000360092089268
1.0002988637434385
1.0004383604506943
0.00037597064124026455
1.0001317871223079
1.0004372968973183
0.11148708175235136
1.0001509113835896
1.0004341193539759
0.22259819286346247
1.0001697997856833
1.000428867009255
0.3337093039745736
1.0001882193782488
1.000421604640233
0.4448204150856847
1.0002059429927654
1.0004124218135833
0.5559315261967959
1.0002227520441982
1.0004014317809502
0.6670426373079069
1.000238439226803
1.0003887700822183
0.778153748419018
1.0002528110708242
1.0003745928739018
0.8892648595301291
1.0002656903285552
1.0003590750032691
1.0003759706412403
1.0002769181603304
